gridsize=1.000000
scale=2.000000
pos=148.444016,65.227875
visopt=34
level=levels/felix1.dat

