gridsize=1.000000
scale=1.000000
pos=103.080452,125.878456
visopt=8226
level=levels/felix1.dat

