gridsize=1.000000
scale=1.000000
pos=-9.847607,3.599888
visopt=34
level=levels/level0.dat

