gridsize=1.000000
scale=1.000000
pos=-1.005554,10.011095
visopt=2
level=levels/level.dat

