gridsize=1.000000
scale=1.000000
pos=5.700012,10.149988
visopt=2
level=levels/level0.dat

