gridsize=1.000000
scale=1.000000
pos=-8.705822,-0.251578
visopt=34
level=levels/level_test

